37337.53516
39406.94141
39995.90625
40008.42188
42235.54688
41626.19531
39974.89453
39201.94531
38152.98047
39747.50391
40869.55469
42816.5
44555.80078
43798.11719
46365.40234
45585.03125
45593.63672
44428.28906
47793.32031
47096.94531
47047.00391
46004.48438
44695.35938
44801.1875
46717.57813
49339.17578
48905.49219
49321.65234
49546.14844
47706.11719
48960.78906
46942.21875
49058.66797
48902.40234
48829.83203
47054.98438
47166.6875
48847.02734
49327.72266
50025.375
49944.625
51753.41016
52633.53516
46811.12891
46091.39063
46391.42188
44883.91016
45201.45703
46063.26953
44963.07422
47092.49219
48176.34766
47783.35938
47267.51953
48278.36328
47260.21875
42843.80078
40693.67578
43574.50781
44895.09766
42839.75
42716.59375
43208.53906
42235.73047
41034.54297
41564.36328
43790.89453
48116.94141
47711.48828
48199.95313
49112.90234
51514.8125
55361.44922
53805.98438
53967.84766
54968.22266
54771.57813
57484.78906
56041.05859
57401.09766
57321.52344
61593.94922
60892.17969
61553.61719
62026.07813
64261.99219
65992.83594
62210.17188
60692.26563
61393.61719
60930.83594
63039.82422
60363.79297
58482.38672
60622.13672
62227.96484
61888.83203
61318.95703
61004.40625
63226.40234
62970.04688
61452.23047
61125.67578
61527.48047
63326.98828
67566.82813
66971.82813
64995.23047
64949.96094
64155.94141
64469.52734
65466.83984
63557.87109
60161.24609
60368.01172
56942.13672
58119.57813
59697.19531
58730.47656
56289.28906
57569.07422
56280.42578
57274.67969
53569.76563
54815.07813
57248.45703
57806.56641
57005.42578
57229.82813
56477.81641
53598.24609
49200.70313
49368.84766
50582.625
50700.08594
50504.79688
47672.12109
47243.30469
49362.50781
50098.33594
46737.48047
46612.63281
48896.72266
47665.42578
46202.14453
46848.77734
46707.01563
46880.27734
48936.61328
48628.51172
50784.53906
50822.19531
50429.85938
50809.51563
50640.41797
47588.85547
46444.71094
47178.125
46306.44531
47686.8125
47345.21875
46458.11719
45897.57422
43569.00391
43160.92969
41557.90234
41733.94141
41911.60156
41821.26172
42735.85547
43949.10156
42591.57031
43099.69922
43177.39844
43113.87891
42250.55078
42375.63281
41744.32813
40680.41797
36457.31641
35030.25
36276.80469
36654.32813
36954.00391
36852.12109
37138.23438
37784.33203
38138.17969
37917.60156
38483.125
38743.27344
36952.98438
37154.60156
41500.875
41441.16406
42412.43359
43840.28516
44118.44531
44338.79688
43565.11328
42407.9375
42244.46875
42197.51563
42586.91797
44575.20313
43961.85938
40538.01172
40030.97656
40122.15625
38431.37891
37075.28125
38286.02734
37296.57031
38332.60938
39214.21875
39105.14844
37709.78516
43193.23438
44354.63672
43924.11719
42451.78906
39137.60547
39400.58594
38419.98438
38062.03906
38737.26953
41982.92578
39437.46094
38794.97266
38904.01172
37849.66406
39666.75391
39338.78516
41143.92969
40951.37891
41801.15625
42190.65234
41247.82422
41077.99609
42358.80859
42892.95703
43960.93359
44348.73047
44500.82813
46820.49219
47128.00391
47465.73047
47062.66406
45538.67578
46281.64453
45868.94922
46453.56641
46622.67578
45555.99219
43206.73828
43503.84766
42287.66406
42782.13672
42207.67188
39521.90234
40127.18359
41166.73047
39935.51563
40553.46484
40424.48438
39716.95313
40826.21484
41502.75
41374.37891
40527.36328
39740.32031
39486.73047
39469.29297
40458.30859
38117.46094
39241.12109
39773.82813
38609.82422
37714.875
38469.09375
38529.32813
37750.45313
39698.37109
36575.14063
36040.92188
35501.95313
34059.26563
30296.95313
31022.90625
28936.35547
29047.75195
29283.10352
30101.26563
31305.11328
29862.91797
30425.85742
28720.27148
30314.33398
29200.74023
29432.22656
30323.72266
29098.91016
29655.58594
29562.36133
29267.22461
28627.57422
28814.90039
29445.95703
31726.39063
31792.31055
29799.08008
30467.48828
29704.39063
29832.91406
29906.66211
31370.67188
31155.47852
30214.35547
30111.99805
29083.80469
28360.81055
26762.64844
22487.38867
22206.79297
22572.83984
20381.65039
20471.48242
19017.64258
20553.27148
20599.53711
20710.59766
19987.0293
21085.87695
21231.65625
21502.33789
21027.29492
20735.47852
20280.63477
20104.02344
19784.72656
19269.36719
19242.25586
19297.07617
20231.26172
20190.11523
20548.24609
21637.58789
21731.11719
21592.20703
20860.44922
19970.55664
19323.91406
20212.07422
20569.91992
20836.32813
21190.31641
20779.34375
22485.68945
23389.43359
