-32.0
46.0
19.0
59.0
132.0
120.0
128.0
194.0
258.0
315.0
344.0
293.0
302.0
371.0
300.0
246.0
214.0
178.0
127.0
48.0
-1.0
52.0
54.0
35.0
-4.0
-68.0
-106.0
-83.0
-83.0
-129.0
-197.0
-248.0
-226.0
-200.0
-224.0
-216.0
-226.0
-195.0
-255.0
-284.0
-228.0
-241.0
-196.0
-201.0
-182.0
-101.0
-30.0
-18.0
-40.0
-29.0
-66.0
-16.0
36.0
1.0
57.0
40.0
14.0
-8.0
-51.0
-18.0
-14.0
30.0
-44.0
-92.0
-90.0
-95.0
-139.0
-167.0
-170.0
-207.0
-288.0
-356.0
-412.0
-437.0
-408.0
-342.0
-286.0
-347.0
-266.0
-249.0
-265.0
-231.0
-219.0
-185.0
-171.0
-150.0
-193.0
-236.0
-204.0
-282.0
-330.0
-288.0
-222.0
-160.0
-220.0
-236.0
-241.0
-235.0
-180.0
-193.0
-121.0
-62.0
-8.0
48.0
45.0
11.0
19.0
37.0
93.0
36.0
73.0
88.0
122.0
130.0
196.0
232.0
255.0
330.0
248.0
177.0
135.0
81.0
63.0
10.0
-61.0
-52.0
-45.0
-1.0
-20.0
-37.0
-99.0
-106.0
-47.0
-72.0
-76.0
-35.0
3.0
-15.0
-1.0
8.0
-20.0
-102.0
-46.0
-126.0
-198.0
-186.0
-252.0
-323.0
-256.0
-188.0
-172.0
-145.0
-206.0
-133.0
-66.0
-136.0
-100.0
-108.0
-35.0
42.0
-26.0
-1.0
16.0
52.0
79.0
46.0
53.0
125.0
201.0
275.0
334.0
374.0
354.0
364.0
409.0
337.0
310.0
282.0
237.0
155.0
216.0
259.0
186.0
255.0
282.0
208.0
191.0
226.0
174.0
251.0
327.0
246.0
314.0
271.0
259.0
210.0
274.0
330.0
306.0
372.0
412.0
392.0
442.0
439.0
475.0
479.0
398.0
415.0
463.0
451.0
387.0
373.0
381.0
348.0
325.0
256.0
282.0
233.0
240.0
163.0
243.0
233.0
178.0
240.0
298.0
232.0
279.0
293.0
227.0
170.0
131.0
97.0
176.0
164.0
131.0
208.0
274.0
241.0
233.0
202.0
174.0
144.0
174.0
195.0
205.0
258.0
218.0
189.0
112.0
117.0
162.0
200.0
180.0
173.0
122.0
102.0
106.0
88.0
104.0
146.0
212.0
144.0
155.0
165.0
198.0
202.0
146.0
219.0
250.0
220.0
138.0
87.0
117.0
39.0
59.0
62.0
-20.0
-42.0
22.0
-33.0
-55.0
-132.0
-138.0
-127.0
-160.0
-238.0
-299.0
-259.0
-292.0
-285.0
-360.0
-324.0
-350.0
-374.0
-413.0
-488.0
-451.0
-471.0
-524.0
-517.0
-547.0
-524.0
-517.0
-560.0
-603.0
-649.0
-649.0
-723.0
-740.0
-777.0
-830.0
-759.0
-811.0
-737.0
-738.0
-727.0
-800.0
-724.0
-698.0
-651.0
-592.0
-646.0
-583.0
-566.0
-544.0
-530.0
-485.0
-434.0
-419.0
-412.0
-377.0
-332.0
-387.0
-400.0
-409.0
-401.0
-336.0
-370.0
-304.0
-349.0
-418.0
-485.0
-444.0
-523.0
-470.0
-478.0
-472.0
-519.0
-493.0
-476.0
-463.0
-456.0
-506.0
-443.0
-410.0
-440.0
-507.0
-454.0
-415.0
-419.0
-370.0
-425.0
-405.0
-324.0
-297.0
-348.0
-277.0
-232.0
-198.0
-263.0
-328.0
-249.0
-218.0
-235.0
-230.0
-151.0
-225.0
-294.0
-330.0
-256.0
-297.0
-311.0
-291.0
-265.0
-207.0
-215.0
-276.0
-317.0
-387.0
-412.0
-414.0
-397.0
-411.0
-378.0
-313.0
-256.0
-247.0
-324.0
-336.0
-296.0
-356.0
-359.0
-437.0
-408.0
-328.0
-315.0
-316.0
-272.0
-265.0
-341.0
-319.0
-346.0
-321.0
-291.0
-320.0
-372.0
-393.0
-379.0
-433.0
-441.0
-387.0
-322.0
-281.0
-354.0
-402.0
-429.0
-360.0
-439.0
-516.0
-440.0
-448.0
-437.0
-515.0
-507.0
-534.0
-602.0
-647.0
-667.0
-613.0
-630.0
-587.0
-516.0
-598.0
-581.0
-523.0
-450.0
-526.0
-581.0
-552.0
-567.0
-583.0
-583.0
-568.0
-491.0
-558.0
-593.0
-593.0
-569.0
-604.0
-656.0
-652.0
-663.0
-637.0
-570.0
-651.0
-653.0
-603.0
-674.0
-742.0
-690.0
-696.0
-655.0
-647.0
-644.0
-668.0
-698.0
-698.0
-736.0
-725.0
-795.0
-869.0
-906.0
-955.0
-1005.0
-1068.0
-1026.0
-1106.0
-1105.0
-1137.0
-1197.0
-1191.0
-1190.0
-1210.0
-1289.0
-1247.0
-1274.0
-1303.0
-1251.0
-1324.0
-1314.0
-1256.0
-1312.0
-1388.0
-1393.0
-1312.0
-1248.0
-1245.0
-1229.0
-1248.0
-1317.0
-1278.0
-1215.0
-1291.0
-1300.0
-1231.0
-1238.0
-1185.0
-1104.0
-1051.0
-1019.0
-965.0
-1014.0
-1088.0
-1106.0
-1034.0
-957.0
-947.0
-1011.0
-1076.0
-1020.0
-993.0
-1074.0
-1142.0
-1093.0
-1020.0
-944.0
-995.0
-1043.0
-986.0
-980.0
-907.0
-957.0
-1014.0
-968.0
-985.0
-971.0
-896.0
-850.0
-916.0
-913.0
-841.0
-826.0
-808.0
-884.0
-818.0
-743.0
-818.0
-866.0
-801.0
-863.0
-876.0
-825.0
-877.0
-822.0
-749.0
-718.0
-702.0
-734.0
-657.0
-671.0
-676.0
-704.0
-639.0
-568.0
-600.0
-595.0
-673.0
-681.0
-669.0
-693.0
-754.0
-758.0
-706.0
-742.0
-720.0
-782.0
-856.0
-812.0
-769.0
-757.0
-688.0
-638.0
-642.0
-571.0
-609.0
-635.0
-600.0
-624.0
-584.0
-550.0
-503.0
-472.0
-395.0
-348.0
-408.0
-370.0
-318.0
-331.0
-291.0
-237.0
-266.0
-293.0
-337.0
-257.0
-295.0
-298.0
-293.0
-300.0
-324.0
-330.0
-354.0
-313.0
-273.0
-343.0
-313.0
-247.0
-191.0
-177.0
-104.0
-33.0
-113.0
-86.0
-62.0
-106.0
-63.0
-127.0
-66.0
-32.0
18.0
-27.0
49.0
111.0
63.0
39.0
65.0
114.0
94.0
162.0
181.0
262.0
221.0
248.0
282.0
220.0
283.0
227.0
297.0
313.0
327.0
400.0
415.0
372.0
397.0
420.0
353.0
282.0
204.0
243.0
259.0
240.0
165.0
218.0
164.0
148.0
72.0
146.0
211.0
146.0
77.0
64.0
14.0
85.0
19.0
69.0
79.0
2.0
19.0
20.0
52.0
109.0
103.0
148.0
147.0
144.0
222.0
198.0
227.0
164.0
141.0
212.0
232.0
304.0
294.0
306.0
241.0
161.0
146.0
190.0
197.0
270.0
255.0
241.0
223.0
193.0
162.0
81.0
50.0
55.0
5.0
-60.0
-24.0
-15.0
35.0
-46.0
-106.0
-85.0
-16.0
-52.0
-13.0
4.0
-73.0
-105.0
-50.0
-87.0
-49.0
-33.0
-102.0
-77.0
-145.0
-83.0
-131.0
-199.0
-175.0
-195.0
-251.0
-177.0
-257.0
-217.0
-169.0
-104.0
-99.0
-121.0
-170.0
-99.0
-135.0
-137.0
-134.0
-90.0
-117.0
-102.0
-105.0
-157.0
-77.0
-120.0
-182.0
-165.0
-221.0
-251.0
-249.0
-304.0
-320.0
-286.0
-246.0
-171.0
-176.0
-117.0
-47.0
-129.0
-64.0
-2.0
36.0
93.0
21.0
74.0
31.0
8.0
49.0
127.0
139.0
184.0
146.0
164.0
204.0
163.0
111.0
183.0
194.0
189.0
250.0
276.0
205.0
250.0
310.0
249.0
192.0
264.0
244.0
314.0
348.0
278.0
199.0
276.0
346.0
418.0
492.0
570.0
528.0
557.0
501.0
481.0
449.0
494.0
572.0
510.0
533.0
518.0
544.0
599.0
652.0
599.0
583.0
664.0
734.0
814.0
870.0
859.0
852.0
908.0
982.0
1013.0
1064.0
1141.0
1184.0
1139.0
1220.0
1274.0
1299.0
1252.0
1276.0
1333.0
1261.0
1316.0
1325.0
1394.0
1319.0
1308.0
1229.0
1277.0
1229.0
1220.0
1277.0
1200.0
1266.0
1320.0
1242.0
1263.0
1339.0
1375.0
1368.0
1403.0
1410.0
1463.0
1492.0
1551.0
1486.0
1446.0
1496.0
1525.0
1518.0
1542.0
1482.0
1450.0
1431.0
1438.0
1499.0
1460.0
1528.0
1567.0
1599.0
1652.0
1691.0
1754.0
1749.0
1789.0
1713.0
1691.0
1703.0
1690.0
1767.0
1719.0
1733.0
1804.0
1858.0
1831.0
1865.0
1853.0
1916.0
1941.0
1947.0
1977.0
1997.0
2060.0
2070.0
2142.0
2121.0
2140.0
2163.0
2117.0
2165.0
2204.0
2174.0
2105.0
2128.0
2084.0
2025.0
1950.0
1899.0
1858.0
1907.0
1919.0
1873.0
1939.0
1866.0
1910.0
1939.0
1899.0
1930.0
1901.0
1867.0
1834.0
1805.0
1770.0
1775.0
1791.0
1790.0
1720.0
1693.0
1713.0
1680.0
1759.0
1791.0
1774.0
1697.0
1615.0
1630.0
1647.0
1654.0
1701.0
1760.0
1758.0
1744.0
1713.0
1685.0
1626.0
1547.0
1606.0
1574.0
1513.0
1436.0
1461.0
1450.0
1454.0
1514.0
1548.0
1514.0
1561.0
1480.0
1445.0
1370.0
1432.0
1410.0
1428.0
1362.0
1407.0
1471.0
1403.0
1436.0
1461.0
1398.0
1378.0
1395.0
1429.0
1415.0
1410.0
1408.0
1400.0
1318.0
1328.0
1263.0
1211.0
