1576.9706
1576.9706
1576.9706
1576.9706
1576.7078
1576.7078
1576.7078
1576.7078
1576.7078
1576.7078
1576.7078
1576.7078
1576.7078
1576.7078
1576.7078
1576.7078
1576.7078
1576.7078
1576.7078
1576.7078
1576.7078
1576.7078
1576.7078
1576.7078
1576.7078
1576.7078
1576.7078
1577.2983
1577.2983
1577.2983
1577.2983
1577.2983
1577.2983
1577.2983
1577.2983
1577.2983
1577.6288
1577.6288
1577.6288
1577.6288
1577.6288
1577.6288
1577.6288
1577.6288
1577.6288
1577.6288
1578.0994
1578.0994
1578.0994
1578.0994
1578.0994
1578.0994
1578.0994
1578.0994
1578.0994
1578.0994
1578.0365
1578.0365
1578.0365
1578.0365
1578.0365
1578.0365
1578.0365
1578.0365
1578.0365
1578.0365
1577.5245
1577.5245
1577.5245
1577.5245
1577.5245
1577.5245
1577.5245
1577.5245
1577.5245
1577.5654
1577.5654
1577.5654
1577.5654
1577.5654
1577.5654
1577.5654
1577.5654
1577.5654
1579.8009
1579.8009
1579.8009
1579.8009
1579.8009
1579.8009
1579.8009
1579.8009
1579.8009
1579.8009
1584.1248
1584.1248
1584.1248
1584.1248
1584.1248
1584.1248
1584.1248
1584.1248
1584.1248
